  THE BATTERY — every table, one pass per fold
  40 sims a game, folds [2023, 2024, 2025, 2026], limit none
  flags:
    sim.USE_FIELD_STATE = True
    sim.USE_GB_DP = True
    sim.USE_GB_HITMIX = True
    sim.USE_GIDP_ADVANCE = True
    sim.USE_LAYOFF = True
    sim.USE_LEASH = True
    sim.USE_MEASURED_ADVANCEMENT = True
    sim.USE_MEASURED_GIDP = True
    sim.USE_NIGHT_SIGMA = True
    sim.USE_OFFSETS = False
    sim.USE_PATIENCE = False
    sim.USE_PEN_STATE = True
    sim.USE_PITCH_HAZARD = True
    sim.USE_PITCH_HAZARD_BND = False
    sim.USE_PITCH_X_INNING = False
    sim.USE_PLATOON = True
    sim.USE_START_SHARPNESS = True
    sim.USE_STEAL_TABLE = True
    sim.USE_TEMP_HR = True
    sim.USE_TTO = True
    sim.USE_UMP_KBB = True
    sim.USE_VELO_K = True
    sim.USE_WIND_HR = True
    sim.USE_ZONE_BB = True
    game.USE_AUTO_RUNNER = True
    game.USE_BOUNDARY_HOOK = True
    game.USE_LEARNED_HOOK = False
    game.USE_MEASURED_RELIEF_HOOK = True
    game.USE_MEASURED_RELIEF_LENGTH = True
    game.USE_OPENER_EXIT = True
    game.USE_OPENER_POOL = True
    game.USE_PEN_ROLES = False
    game.USE_RELIEF_INTENT = True
    game.USE_ROLE_HBP = True
    game.USE_RUNNERS_FIRST = False
    calibrate.USE_ARSENAL = False
    calibrate.USE_CONTACT_MIXTURE = False
    calibrate.USE_HANDEDNESS = False
    calibrate.USE_HOME_ROAD = True
    calibrate.USE_MIXTURE = False
    calibrate.USE_PARK = True
    calibrate.USE_REAL_ORDER = True
    calibrate.NEUTRALISE_PARK = True
    calibrate.HOME_HOOK = 0.0
    rates.HALF_LIFE_DAYS = None

  engine fingerprint f8f32d4d92f4f65e9e6c2ad14c568a63

  fold 2023: 1000 paired games, venue coverage 100.0%
  fold 2023: park RATED for 999/1000 games (99.9%); the rest simulate NEUTRAL and are coverage misses, not home-park guesses
  fold 2023: 1000 games scored (0 dropped: no pbp or no score)

  ── FOLD 2023 (cut 2023-07-01) ──────────────────────────────────

  ladder
    key                           model   actual      gap      se      z   floor        n
    F1                           1.0276   1.0560  -0.0284  0.0455   -0.6  0.0072    1,000
    F3                           3.0949   3.0710  +0.0239  0.0804   +0.3  0.0127    1,000
    F5                           5.2244   5.1390  +0.0854  0.1064   +0.8  0.0168    1,000
    F7                           7.2291   7.2830  -0.0539  0.1278   -0.4  0.0202    1,000

  inning
    key                           model   actual      gap      se      z   floor        n
    1                            1.0276   1.0560  -0.0284  0.0455   -0.6  0.0072    1,000
    2                            0.9827   0.9240  +0.0587  0.0450   +1.3  0.0071    1,000
    3                            1.0846   1.0910  -0.0064  0.0466   -0.1  0.0074    1,000
    4                            1.0746   1.0600  +0.0146  0.0468   +0.3  0.0074    1,000
    5                            1.0549   1.0080  +0.0469  0.0460   +1.0  0.0073    1,000
    6                            1.0269   1.1150  -0.0881  0.0488   -1.8  0.0077    1,000
    7                            0.9778   1.0290  -0.0512  0.0498   -1.0  0.0079    1,000
    8                            0.9789   0.9900  -0.0111  0.0473   -0.2  0.0075    1,000
    9+                           1.0102   0.9840  +0.0262  0.0507   +0.5  0.0080    1,000

  game
    key                           model   actual      gap      se      z   floor        n
    one_run_share                0.2901   0.2630  +0.0271  0.0142   +1.9  0.0022    1,000
    extras_share                 0.0994   0.0840  +0.0154  0.0089   +1.7  0.0014    1,000

  venue_full
    key                           model   actual      gap      se      z   floor        n
    wmean_abs_resid              0.3322   0.0000  +0.3322  0.0000--    2,000  sample-weighted mean |per-venue residual|
    2602                         1.4298   0.0000  +1.4298  0.4194   +3.4  0.0663       42
    2395                         0.7625   0.0000  +0.7625  0.3379   +2.3  0.0534       54
    2394                        -0.7255   0.0000  -0.7255  0.5056   -1.4  0.0799       52
    4169                        -0.7233   0.0000  -0.7233  0.4459   -1.6  0.0705       72
    22                           0.6141   0.0000  +0.6141  0.3240   +1.9  0.0512       80
    17                          -0.5449   0.0000  -0.5449  0.4597   -1.2  0.0727       74
    2                            0.5076   0.0000  +0.5076  0.3460   +1.5  0.0547       72
    15                           0.4953   0.0000  +0.4953  0.3443   +1.4  0.0544       74
    19                          -0.4589   0.0000  -0.4589  0.4798   -1.0  0.0759       56
    14                           0.4121   0.0000  +0.4121  0.3508   +1.2  0.0555       66
    5325                        -0.4058   0.0000  -0.4058  0.4225   -1.0  0.0668       82
    3289                         0.3548   0.0000  +0.3548  0.3558   +1.0  0.0563       68
    1                           -0.3394   0.0000  -0.3394  0.4597   -0.7  0.0727       54
    2392                        -0.3122   0.0000  -0.3122  0.4141   -0.8  0.0655       82
    3312                        -0.3054   0.0000  -0.3054  0.3789   -0.8  0.0599       70
    3309                        -0.3017   0.0000  -0.3017  0.3682   -0.8  0.0582       58
    2681                        -0.3003   0.0000  -0.3003  0.3164   -0.9  0.0500       96
    4705                        -0.2782   0.0000  -0.2782  0.4195   -0.7  0.0663       62
    2680                         0.1844   0.0000  +0.1844  0.3787   +0.5  0.0599       64
    10                          -0.1398   0.0000  -0.1398  0.3948   -0.4  0.0624       54
    32                           0.1138   0.0000  +0.1138  0.3374   +0.3  0.0533       76
    31                           0.1060   0.0000  +0.1060  0.3446   +0.3  0.0545       58
    4                           -0.0934   0.0000  -0.0934  0.3867   -0.2  0.0611       68
    3313                        -0.0905   0.0000  -0.0905  0.3530   -0.3  0.0558       58
    5                           -0.0796   0.0000  -0.0796  0.3867   -0.2  0.0611       76
    3                            0.0742   0.0000  +0.0742  0.4146   +0.2  0.0655       60
    7                            0.0704   0.0000  +0.0704  0.4274   +0.2  0.0676       54
    680                         -0.0684   0.0000  -0.0684  0.3542   -0.2  0.0560       72
    12                          -0.0479   0.0000  -0.0479  0.3147   -0.2  0.0498       72
    2889                         0.0069   0.0000  +0.0069  0.3787   +0.0  0.0599       72

  venue_f5
    key                           model   actual      gap      se      z   floor        n
    wmean_abs_resid              0.2331   0.0000  +0.2331  0.0000--    2,000  sample-weighted mean |per-venue residual|
    2602                         0.9613   0.0000  +0.9613  0.3315   +2.9  0.0524       42
    2395                         0.6764   0.0000  +0.6764  0.2450   +2.8  0.0387       54
    15                           0.5020   0.0000  +0.5020  0.2739   +1.8  0.0433       74
    2392                        -0.4305   0.0000  -0.4305  0.3183   -1.4  0.0503       82
    14                           0.3629   0.0000  +0.3629  0.2393   +1.5  0.0378       66
    2681                        -0.3620   0.0000  -0.3620  0.2666   -1.4  0.0422       96
    5325                        -0.2918   0.0000  -0.2918  0.3098   -0.9  0.0490       82
    3                            0.2829   0.0000  +0.2829  0.3104   +0.9  0.0491       60
    3289                         0.2783   0.0000  +0.2783  0.2502   +1.1  0.0396       68
    17                          -0.2645   0.0000  -0.2645  0.3028   -0.9  0.0479       74
    3309                        -0.2599   0.0000  -0.2599  0.3399   -0.8  0.0538       58
    22                           0.2375   0.0000  +0.2375  0.2603   +0.9  0.0412       80
    4705                        -0.2315   0.0000  -0.2315  0.3314   -0.7  0.0524       62
    2394                        -0.2308   0.0000  -0.2308  0.3395   -0.7  0.0537       52
    2                            0.2233   0.0000  +0.2233  0.2901   +0.8  0.0459       72
    32                           0.2033   0.0000  +0.2033  0.2281   +0.9  0.0361       76
    12                           0.1833   0.0000  +0.1833  0.2414   +0.8  0.0382       72
    4                            0.1511   0.0000  +0.1511  0.2961   +0.5  0.0468       68
    680                         -0.1417   0.0000  -0.1417  0.2883   -0.5  0.0456       72
    4169                        -0.1295   0.0000  -0.1295  0.2965   -0.4  0.0469       72
    10                           0.1287   0.0000  +0.1287  0.2810   +0.5  0.0444       54
    2889                        -0.1240   0.0000  -0.1240  0.3049   -0.4  0.0482       72
    2680                         0.1113   0.0000  +0.1113  0.3229   +0.3  0.0511       64
    7                            0.0782   0.0000  +0.0782  0.3495   +0.2  0.0553       54
    1                            0.0741   0.0000  +0.0741  0.3327   +0.2  0.0526       54
    3312                        -0.0596   0.0000  -0.0596  0.2880   -0.2  0.0455       70
    5                           -0.0368   0.0000  -0.0368  0.2579   -0.1  0.0408       76
    19                           0.0313   0.0000  +0.0313  0.3349   +0.1  0.0529       56
    3313                         0.0280   0.0000  +0.0280  0.3047   +0.1  0.0482       58
    31                           0.0091   0.0000  +0.0091  0.2742   +0.0  0.0434       58

  traffic
    key                           model   actual      gap      se      z   floor        n
    runs_per_baserunner          0.3769   0.3767  +0.0003  0.0031   +0.1  0.0005   24,577
    shutout_share                0.0541   0.0625  -0.0084  0.0054   -1.6  0.0009    2,000
    mass_0_3                     0.4092   0.4255  -0.0163  0.0111   -1.5  0.0017    2,000
    mass_8_plus                  0.1658   0.1685  -0.0027  0.0084   -0.3  0.0013    2,000
    f5_shutout_share             0.1979   0.2175  -0.0196  0.0092   -2.1  0.0015    2,000

  platoon
    key                           model   actual      gap      se      z   floor        n
    k_per_pa_adv                 0.2170   0.2194  -0.0024  0.0026   -0.9  0.0004   25,376
    k_per_pa_nad                 0.2265   0.2311  -0.0046  0.0031   -1.5  0.0005   18,768
    hr_per_pa_adv                0.0355   0.0364  -0.0009  0.0012   -0.8  0.0002   25,376
    hr_per_pa_nad                0.0335   0.0360  -0.0025  0.0014   -1.8  0.0002   18,768
    model_side_coverage          0.6961--  0.0000--1,701,929  share of starter PAs with a known batter side
    stacked_decile_resid         4.5551   4.6170  -0.0619  0.2819   -0.2  0.0446      141
    all_clubs_resid_control      4.5749   4.4845  +0.0904  0.0842   +1.1  0.0133    1,416

  contact
    key                           model   actual      gap      se      z   floor        n
    dp_per_opportunity           0.2210   0.2464  -0.0253  0.0054   -4.7  0.0008    6,466
    sac_per_pa                   0.0106   0.0086  +0.0019  0.0003   +5.8  0.0001   75,882
    hr_per_bip                   0.0474   0.0500  -0.0026  0.0010   -2.7  0.0002   51,082
    xbh_share_nonhr_hits         0.2588   0.2504  +0.0084  0.0036   +2.3  0.0006   14,283
    dp_by_pitcher_gb_q1          0.1852   0.2237  -0.0385  0.0161   -2.4  0.0026      666
    dp_by_pitcher_gb_q2          0.1995   0.2584  -0.0589  0.0164   -3.6  0.0026      712
    dp_by_pitcher_gb_q3          0.2170   0.2428  -0.0258  0.0155   -1.7  0.0024      766
    dp_by_pitcher_gb_q4          0.2266   0.2481  -0.0214  0.0156   -1.4  0.0025      770
    dp_by_pitcher_gb_q5          0.2571   0.2861  -0.0290  0.0157   -1.8  0.0025      825
    xbh_by_batter_gb_q1          0.2699   0.2732  -0.0033  0.0078   -0.4  0.0012    3,276
    xbh_by_batter_gb_q2          0.2758   0.2567  +0.0191  0.0082   +2.3  0.0013    2,813
    xbh_by_batter_gb_q3          0.2594   0.2520  +0.0074  0.0100   +0.7  0.0016    1,889
    xbh_by_batter_gb_q4          0.2537   0.2456  +0.0081  0.0086   +0.9  0.0014    2,480
    xbh_by_batter_gb_q5          0.2362   0.2276  +0.0086  0.0072   +1.2  0.0011    3,432

  weather
    key                           model   actual      gap      se      z   floor        n
    temp_coverage                1.0000   1.0000  +0.0000  0.0000--    1,000  share of fold games with a temperature
    hr_bip_temp_lt55             0.0385   0.0769  -0.0384  0.0279   -1.4  0.0044       91
    hr_bip_temp_55_64            0.0434   0.0465  -0.0031  0.0044   -0.7  0.0007    2,259
    hr_bip_temp_65_74            0.0443   0.0465  -0.0022  0.0015   -1.5  0.0002   21,074
    hr_bip_temp_75_84            0.0494   0.0531  -0.0037  0.0016   -2.4  0.0002   20,287
    hr_bip_temp_85plus           0.0522   0.0520  +0.0002  0.0026   +0.1  0.0004    7,371
    wind_coverage                0.8310--  0.0000--    1,000  open-air share of fold games with a wind
    hr_bip_wind_in5plus          0.0440   0.0505  -0.0066  0.0028   -2.3  0.0004    6,075
    hr_bip_wind_calm             0.0484   0.0483  +0.0001  0.0014   +0.0  0.0002   24,617
    hr_bip_wind_out5plus         0.0497   0.0532  -0.0036  0.0021   -1.7  0.0003   11,690

  late
    key                           model   actual      gap      se      z   floor        n
    inn7_9_margin_0              0.9282   0.9164  +0.0118  0.0624   +0.2  0.0099      311
    inn7_9_margin_1              0.9176   0.9807  -0.0631  0.0441   -1.4  0.0070      622
    inn7_9_margin_2              0.9051   0.9445  -0.0394  0.0458   -0.9  0.0072      577
    inn7_9_margin_3              0.8899   0.8015  +0.0884  0.0541   +1.6  0.0086      413
    inn7_9_margin_4+             0.8732   0.9229  -0.0498  0.0335   -1.5  0.0053    1,077

  hook_bnd
    key                           model   actual      gap      se      z   floor        n
    0                            0.0008   0.0085  -0.0078  0.0019   -4.0  0.0003    2,234
    25                           0.0039   0.0091  -0.0051  0.0021   -2.4  0.0003    1,983
    40                           0.0136   0.0070  +0.0066  0.0023   +2.9  0.0004    1,293
    50                           0.0367   0.0233  +0.0134  0.0042   +3.2  0.0007    1,290
    60                           0.0916   0.0424  +0.0492  0.0056   +8.7  0.0009    1,274
    70                           0.1900   0.0996  +0.0904  0.0097   +9.3  0.0015      944
    78                           0.3169   0.2224  +0.0945  0.0151   +6.3  0.0024      760
    85                           0.4464   0.4256  +0.0208  0.0238   +0.9  0.0038      430
    90                           0.7363   0.7002  +0.0361  0.0227   +1.6  0.0036      407
    95                           0.8125   0.8511  -0.0386  0.0220   -1.8  0.0035      262
    100                          0.8819   0.9623  -0.0805  0.0123   -6.5  0.0019      239
    mean_abs_gap                 0.0403   0.0000  +0.0403  0.0000--       11

  hook_mid
    key                           model   actual      gap      se      z   floor        n
    0                            0.0012   0.0014  -0.0003  0.0004   -0.7  0.0001   10,454
    25                           0.0043   0.0024  +0.0019  0.0006   +3.0  0.0001    6,228
    40                           0.0059   0.0054  +0.0004  0.0011   +0.4  0.0002    4,239
    50                           0.0080   0.0055  +0.0025  0.0011   +2.2  0.0002    4,177
    60                           0.0172   0.0119  +0.0052  0.0017   +3.0  0.0003    4,017
    70                           0.0353   0.0295  +0.0058  0.0031   +1.9  0.0005    3,050
    78                           0.0673   0.0556  +0.0117  0.0047   +2.5  0.0007    2,357
    85                           0.1140   0.0912  +0.0228  0.0077   +3.0  0.0012    1,392
    90                           0.1713   0.1549  +0.0164  0.0116   +1.4  0.0018      981
    95                           0.2544   0.2222  +0.0322  0.0175   +1.8  0.0028      567
    100                          0.3577   0.3343  +0.0234  0.0253   +0.9  0.0040      347
    mean_abs_gap                 0.0111   0.0000  +0.0111  0.0000--       11

  shape
    key                           model   actual      gap      se      z   floor        n
    outs_mean                   14.9316  15.5965  -0.6649  0.0994   -6.7  0.0157    2,000
    outs_sd                      4.4559   4.4437  +0.0122  0.0703   +0.2  0.0111    2,000
    k_mean                       4.6088   4.9530  -0.3442  0.0573   -6.0  0.0091    2,000
    k_sd                         2.4096   2.5624  -0.1528  0.0405   -3.8  0.0064    2,000
    k_9_plus_share               0.0620   0.0935  -0.0315  0.0065   -4.8  0.0010    2,000
    outs_over_12.5               0.7210   0.7790  -0.0580  0.0093   -6.3  0.0015    2,000
    outs_over_14.5               0.6313   0.7100  -0.0787  0.0101   -7.8  0.0016    2,000
    outs_over_15.5               0.4400   0.5250  -0.0850  0.0112   -7.6  0.0018    2,000
    outs_over_16.5               0.4001   0.4750  -0.0749  0.0112   -6.7  0.0018    2,000
    outs_over_17.5               0.3447   0.4230  -0.0783  0.0110   -7.1  0.0017    2,000
    outs_over_18.5               0.1581   0.1840  -0.0259  0.0087   -3.0  0.0014    2,000
    outs_over_20.5               0.1082   0.1345  -0.0263  0.0076   -3.4  0.0012    2,000
    boundary_share_by_decision   0.5923   0.6123  -0.0200  0.0129   -1.5  0.0020    1,416
    spike_9_share                0.0394   0.0332  +0.0062  0.0048   +1.3  0.0008    1,416
    spike_9_mid_share            0.1685   0.1915  -0.0230  0.0574   -0.4  0.0091       47
    spike_12_share               0.1047   0.0678  +0.0369  0.0067   +5.5  0.0011    1,416
    spike_12_mid_share           0.1349   0.2396  -0.1047  0.0436   -2.4  0.0069       96
    spike_15_share               0.1913   0.1787  +0.0126  0.0102   +1.2  0.0016    1,416
    spike_15_mid_share           0.0912   0.1383  -0.0472  0.0217   -2.2  0.0034      253
    spike_18_share               0.1865   0.2429  -0.0564  0.0114   -5.0  0.0018    1,416
    spike_18_mid_share           0.0549   0.0640  -0.0091  0.0132   -0.7  0.0021      344
    spike_21_share               0.0823   0.1137  -0.0314  0.0084   -3.7  0.0013    1,416
    spike_21_mid_share           0.0316   0.0311  +0.0005  0.0137   +0.0  0.0022      161

  outs_adjust
    key                           model   actual      gap      se      z   floor        n
    corr_o12.5                   0.0340--  0.0000--        0  measured 2026-09-05
    corr_o14.5                   0.0510--  0.0000--        0  measured 2026-09-05
    corr_o15.5                   0.0430--  0.0000--        0  measured 2026-09-05
    corr_o16.5                   0.0290--  0.0000--        0  measured 2026-09-05
    corr_o17.5                   0.0220--  0.0000--        0  measured 2026-09-05
    corr_o18.5                  -0.0140--  0.0000--        0  measured 2026-09-05
    corr_o20.5                  -0.0100--  0.0000--        0  measured 2026-09-05

  fold 2024: 958 paired games, venue coverage 100.0%
  fold 2024: park RATED for 957/958 games (99.9%); the rest simulate NEUTRAL and are coverage misses, not home-park guesses
  fold 2024: 958 games scored (0 dropped: no pbp or no score)

  ── FOLD 2024 (cut 2024-07-01) ──────────────────────────────────

  ladder
    key                           model   actual      gap      se      z   floor        n
    F1                           0.9765   0.9937  -0.0172  0.0454   -0.4  0.0072      958
    F3                           2.9066   2.9687  -0.0621  0.0813   -0.8  0.0129      958
    F5                           4.9377   4.9843  -0.0466  0.1052   -0.4  0.0166      958
    F7                           6.8720   6.9322  -0.0602  0.1253   -0.5  0.0198      958

  inning
    key                           model   actual      gap      se      z   floor        n
    1                            0.9765   0.9937  -0.0172  0.0454   -0.4  0.0072      958
    2                            0.9224   0.9259  -0.0035  0.0449   -0.1  0.0071      958
    3                            1.0077   1.0491  -0.0414  0.0474   -0.9  0.0075      958
    4                            1.0312   1.0282  +0.0031  0.0492   +0.1  0.0078      958
    5                            0.9999   0.9875  +0.0124  0.0473   +0.3  0.0075      958
    6                            0.9803   1.0344  -0.0542  0.0483   -1.1  0.0076      958
    7                            0.9540   0.9134  +0.0406  0.0452   +0.9  0.0072      958
    8                            0.9757   0.9676  +0.0081  0.0452   +0.2  0.0072      958
    9+                           0.9992   0.9791  +0.0201  0.0546   +0.4  0.0086      958

  game
    key                           model   actual      gap      se      z   floor        n
    one_run_share                0.2994   0.2683  +0.0311  0.0145   +2.1  0.0023      958
    extras_share                 0.1013   0.0866  +0.0147  0.0092   +1.6  0.0015      958

  venue_full
    key                           model   actual      gap      se      z   floor        n
    wmean_abs_resid              0.3731   0.0000  +0.3731  0.0000--    1,916  sample-weighted mean |per-venue residual|
    4169                        -1.3368   0.0000  -1.3368  0.3983   -3.4  0.0630       68
    15                          -1.2328   0.0000  -1.2328  0.4822   -2.6  0.0762       64
    12                           1.2053   0.0000  +1.2053  0.3868   +3.1  0.0612       38
    17                           0.9854   0.0000  +0.9854  0.3037   +3.2  0.0480       72
    10                          -0.7822   0.0000  -0.7822  0.5306   -1.5  0.0839       52
    5                           -0.6543   0.0000  -0.6543  0.3742   -1.7  0.0592       52
    31                          -0.6181   0.0000  -0.6181  0.3910   -1.6  0.0618       76
    4                            0.6024   0.0000  +0.6024  0.4174   +1.4  0.0660       42
    4705                         0.5000   0.0000  +0.5000  0.3383   +1.5  0.0535       76
    32                           0.4947   0.0000  +0.4947  0.2867   +1.7  0.0453       76
    2                            0.3853   0.0000  +0.3853  0.3583   +1.1  0.0567       68
    1                            0.2660   0.0000  +0.2660  0.3854   +0.7  0.0609       50
    2602                         0.2571   0.0000  +0.2571  0.4822   +0.5  0.0762       56
    7                            0.2439   0.0000  +0.2439  0.3610   +0.7  0.0571       66
    2680                         0.2417   0.0000  +0.2417  0.3573   +0.7  0.0565       66
    3                           -0.2359   0.0000  -0.2359  0.4278   -0.6  0.0676       64
    14                          -0.2338   0.0000  -0.2338  0.3871   -0.6  0.0612       68
    3312                        -0.2147   0.0000  -0.2147  0.4135   -0.5  0.0654       58
    3289                        -0.1543   0.0000  -0.1543  0.4120   -0.4  0.0651       70
    3313                        -0.1327   0.0000  -0.1327  0.3398   -0.4  0.0537       88
    2395                         0.1267   0.0000  +0.1267  0.3410   +0.4  0.0539       60
    680                          0.1137   0.0000  +0.1137  0.3357   +0.3  0.0531       64
    5325                         0.0943   0.0000  +0.0943  0.3562   +0.3  0.0563       66
    3309                        -0.0805   0.0000  -0.0805  0.3365   -0.2  0.0532       86
    19                           0.0795   0.0000  +0.0795  0.4398   +0.2  0.0695       66
    2681                        -0.0763   0.0000  -0.0763  0.4383   -0.2  0.0693       56
    2394                        -0.0700   0.0000  -0.0700  0.4125   -0.2  0.0652       60
    22                           0.0473   0.0000  +0.0473  0.3160   +0.1  0.0500       64
    2889                         0.0471   0.0000  +0.0471  0.4035   +0.1  0.0638       60
    2392                         0.0323   0.0000  +0.0323  0.3311   +0.1  0.0523       62

  venue_f5
    key                           model   actual      gap      se      z   floor        n
    wmean_abs_resid              0.2195   0.0000  +0.2195  0.0000--    1,916  sample-weighted mean |per-venue residual|
    15                          -0.7883   0.0000  -0.7883  0.3667   -2.1  0.0580       64
    4169                        -0.5581   0.0000  -0.5581  0.2625   -2.1  0.0415       68
    5                           -0.3808   0.0000  -0.3808  0.2622   -1.5  0.0415       52
    1                           -0.3595   0.0000  -0.3595  0.3392   -1.1  0.0536       50
    12                           0.3467   0.0000  +0.3467  0.3428   +1.0  0.0542       38
    22                          -0.3363   0.0000  -0.3363  0.2667   -1.3  0.0422       64
    2392                         0.3069   0.0000  +0.3069  0.2621   +1.2  0.0414       62
    17                           0.2885   0.0000  +0.2885  0.2426   +1.2  0.0384       72
    2680                         0.2629   0.0000  +0.2629  0.2726   +1.0  0.0431       66
    7                            0.2621   0.0000  +0.2621  0.2444   +1.1  0.0386       66
    3289                        -0.2475   0.0000  -0.2475  0.3051   -0.8  0.0482       70
    2                            0.2309   0.0000  +0.2309  0.2571   +0.9  0.0407       68
    10                          -0.2288   0.0000  -0.2288  0.3391   -0.7  0.0536       52
    2395                         0.2192   0.0000  +0.2192  0.2609   +0.8  0.0412       60
    31                          -0.2161   0.0000  -0.2161  0.2649   -0.8  0.0419       76
    4                            0.2113   0.0000  +0.2113  0.3699   +0.6  0.0585       42
    4705                         0.1905   0.0000  +0.1905  0.2428   +0.8  0.0384       76
    2394                         0.1733   0.0000  +0.1733  0.2593   +0.7  0.0410       60
    19                          -0.1568   0.0000  -0.1568  0.2909   -0.5  0.0460       66
    2602                         0.1415   0.0000  +0.1415  0.4107   +0.3  0.0649       56
    5325                         0.1295   0.0000  +0.1295  0.2504   +0.5  0.0396       66
    3309                        -0.1212   0.0000  -0.1212  0.2858   -0.4  0.0452       86
    3313                        -0.1122   0.0000  -0.1122  0.2673   -0.4  0.0423       88
    680                          0.1078   0.0000  +0.1078  0.2382   +0.5  0.0377       64
    2681                        -0.0996   0.0000  -0.0996  0.3118   -0.3  0.0493       56
    3                            0.0719   0.0000  +0.0719  0.3296   +0.2  0.0521       64
    14                           0.0449   0.0000  +0.0449  0.2877   +0.2  0.0455       68
    3312                        -0.0371   0.0000  -0.0371  0.3156   -0.1  0.0499       58
    2889                         0.0296   0.0000  +0.0296  0.2884   +0.1  0.0456       60
    32                          -0.0118   0.0000  -0.0118  0.2387   -0.0  0.0377       76

  traffic
    key                           model   actual      gap      se      z   floor        n
    runs_per_baserunner          0.3706   0.3712  -0.0006  0.0032   -0.2  0.0005   22,917
    shutout_share                0.0595   0.0736  -0.0141  0.0060   -2.4  0.0009    1,916
    mass_0_3                     0.4359   0.4431  -0.0072  0.0113   -0.6  0.0018    1,916
    mass_8_plus                  0.1489   0.1649  -0.0161  0.0085   -1.9  0.0013    1,916
    f5_shutout_share             0.2151   0.2145  +0.0006  0.0094   +0.1  0.0015    1,916

  platoon
    key                           model   actual      gap      se      z   floor        n
    k_per_pa_adv                 0.2132   0.2205  -0.0073  0.0026   -2.8  0.0004   24,773
    k_per_pa_nad                 0.2244   0.2231  +0.0013  0.0031   +0.4  0.0005   17,827
    hr_per_pa_adv                0.0329   0.0347  -0.0017  0.0012   -1.5  0.0002   24,773
    hr_per_pa_nad                0.0306   0.0328  -0.0022  0.0013   -1.7  0.0002   17,827
    model_side_coverage          0.7604--  0.0000--1,653,324  share of starter PAs with a known batter side
    stacked_decile_resid         4.4000   4.0959  +0.3041  0.2584   +1.2  0.0409      146
    all_clubs_resid_control      4.4015   4.3879  +0.0136  0.0825   +0.2  0.0130    1,467

  contact
    key                           model   actual      gap      se      z   floor        n
    dp_per_opportunity           0.2224   0.2226  -0.0003  0.0054   -0.1  0.0008    6,014
    sac_per_pa                   0.0104   0.0091  +0.0014  0.0004   +3.8  0.0001   72,306
    hr_per_bip                   0.0448   0.0465  -0.0016  0.0010   -1.7  0.0002   48,939
    xbh_share_nonhr_hits         0.2497   0.2447  +0.0050  0.0037   +1.3  0.0006   13,633
    dp_by_pitcher_gb_q1          0.1885   0.1824  +0.0061  0.0148   +0.4  0.0023      680
    dp_by_pitcher_gb_q2          0.2050   0.2128  -0.0078  0.0156   -0.5  0.0025      686
    dp_by_pitcher_gb_q3          0.2192   0.2373  -0.0181  0.0160   -1.1  0.0025      708
    dp_by_pitcher_gb_q4          0.2264   0.2367  -0.0103  0.0161   -0.6  0.0026      693
    dp_by_pitcher_gb_q5          0.2581   0.2606  -0.0026  0.0160   -0.2  0.0025      752
    xbh_by_batter_gb_q1          0.2584   0.2408  +0.0176  0.0074   +2.4  0.0012    3,331
    xbh_by_batter_gb_q2          0.2660   0.2725  -0.0066  0.0091   -0.7  0.0014    2,385
    xbh_by_batter_gb_q3          0.2517   0.2503  +0.0013  0.0092   +0.1  0.0015    2,225
    xbh_by_batter_gb_q4          0.2456   0.2442  +0.0013  0.0092   +0.1  0.0015    2,166
    xbh_by_batter_gb_q5          0.2301   0.2281  +0.0020  0.0073   +0.3  0.0011    3,336

  weather
    key                           model   actual      gap      se      z   floor        n
    temp_coverage                1.0000   1.0000  +0.0000  0.0000--      958  share of fold games with a temperature
    hr_bip_temp_lt55             0.0404   0.0579  -0.0176  0.0145   -1.2  0.0023      259
    hr_bip_temp_55_64            0.0416   0.0381  +0.0035  0.0047   +0.8  0.0007    1,654
    hr_bip_temp_65_74            0.0431   0.0459  -0.0028  0.0016   -1.7  0.0003   17,057
    hr_bip_temp_75_84            0.0453   0.0463  -0.0010  0.0014   -0.7  0.0002   21,715
    hr_bip_temp_85plus           0.0481   0.0496  -0.0014  0.0024   -0.6  0.0004    8,254
    wind_coverage                0.8413--  0.0000--      958  open-air share of fold games with a wind
    hr_bip_wind_in5plus          0.0417   0.0433  -0.0017  0.0023   -0.7  0.0004    8,122
    hr_bip_wind_calm             0.0456   0.0468  -0.0011  0.0015   -0.8  0.0002   20,383
    hr_bip_wind_out5plus         0.0473   0.0457  +0.0016  0.0019   +0.8  0.0003   12,511

  late
    key                           model   actual      gap      se      z   floor        n
    inn7_9_margin_0              0.9224   0.8540  +0.0685  0.0620   +1.1  0.0098      315
    inn7_9_margin_1              0.8808   0.8498  +0.0311  0.0442   +0.7  0.0070      619
    inn7_9_margin_2              0.8784   0.9193  -0.0409  0.0488   -0.8  0.0077      508
    inn7_9_margin_3              0.8768   0.9145  -0.0377  0.0536   -0.7  0.0085      421
    inn7_9_margin_4+             0.8735   0.8467  +0.0268  0.0346   +0.8  0.0055    1,011

  hook_bnd
    key                           model   actual      gap      se      z   floor        n
    0                            0.0007   0.0079  -0.0072  0.0019   -3.9  0.0003    2,280
    25                           0.0038   0.0152  -0.0114  0.0027   -4.2  0.0004    2,044
    40                           0.0131   0.0068  +0.0063  0.0023   +2.8  0.0004    1,321
    50                           0.0353   0.0195  +0.0158  0.0039   +4.1  0.0006    1,281
    60                           0.0888   0.0409  +0.0479  0.0056   +8.6  0.0009    1,270
    70                           0.1839   0.1109  +0.0731  0.0100   +7.3  0.0016      983
    78                           0.3136   0.2170  +0.0965  0.0150   +6.4  0.0024      751
    85                           0.4410   0.4200  +0.0209  0.0228   +0.9  0.0036      469
    90                           0.7344   0.6801  +0.0543  0.0234   +2.3  0.0037      397
    95                           0.8120   0.9202  -0.1082  0.0167   -6.5  0.0026      263
    100                          0.8803   0.9679  -0.0876  0.0129   -6.8  0.0020      187
    mean_abs_gap                 0.0481   0.0000  +0.0481  0.0000--       11

  hook_mid
    key                           model   actual      gap      se      z   floor        n
    0                            0.0011   0.0009  +0.0003  0.0003   +0.9  0.0000   10,528
    25                           0.0041   0.0033  +0.0008  0.0007   +1.1  0.0001    6,395
    40                           0.0056   0.0033  +0.0023  0.0009   +2.7  0.0001    4,283
    50                           0.0076   0.0045  +0.0031  0.0010   +3.0  0.0002    4,254
    60                           0.0161   0.0177  -0.0016  0.0021   -0.8  0.0003    4,062
    70                           0.0337   0.0276  +0.0061  0.0030   +2.1  0.0005    3,047
    78                           0.0646   0.0594  +0.0052  0.0049   +1.1  0.0008    2,325
    85                           0.1116   0.0947  +0.0169  0.0079   +2.1  0.0012    1,384
    90                           0.1656   0.1706  -0.0050  0.0120   -0.4  0.0019      985
    95                           0.2479   0.2630  -0.0151  0.0186   -0.8  0.0029      559
    100                          0.3503   0.4520  -0.1017  0.0297   -3.4  0.0047      281
    mean_abs_gap                 0.0144   0.0000  +0.0144  0.0000--       11

  shape
    key                           model   actual      gap      se      z   floor        n
    outs_mean                   15.2927  15.7380  -0.4453  0.0945   -4.7  0.0149    1,916
    outs_sd                      4.3328   4.1367  +0.1961  0.0668   +2.9  0.0106    1,916
    k_mean                       4.6640   4.9269  -0.2629  0.0567   -4.6  0.0090    1,916
    k_sd                         2.4167   2.4806  -0.0638  0.0401   -1.6  0.0063    1,916
    k_9_plus_share               0.0656   0.0861  -0.0206  0.0064   -3.2  0.0010    1,916
    outs_over_12.5               0.7445   0.8085  -0.0640  0.0090   -7.1  0.0014    1,916
    outs_over_14.5               0.6569   0.7129  -0.0561  0.0103   -5.4  0.0016    1,916
    outs_over_15.5               0.4694   0.5188  -0.0494  0.0114   -4.3  0.0018    1,916
    outs_over_16.5               0.4282   0.4640  -0.0357  0.0114   -3.1  0.0018    1,916
    outs_over_17.5               0.3731   0.3977  -0.0246  0.0112   -2.2  0.0018    1,916
    outs_over_18.5               0.1789   0.1915  -0.0127  0.0090   -1.4  0.0014    1,916
    outs_over_20.5               0.1253   0.1394  -0.0141  0.0079   -1.8  0.0013    1,916
    boundary_share_by_decision   0.5963   0.5746  +0.0216  0.0129   +1.7  0.0020    1,467
    spike_9_share                0.0341   0.0198  +0.0144  0.0036   +4.0  0.0006    1,467
    spike_9_mid_share            0.1751   0.1379  +0.0371  0.0640   +0.6  0.0101       29
    spike_12_share               0.1034   0.0695  +0.0339  0.0066   +5.1  0.0011    1,467
    spike_12_mid_share           0.1293   0.1863  -0.0570  0.0385   -1.5  0.0061      102
    spike_15_share               0.1874   0.1875  -0.0000  0.0102   -0.0  0.0016    1,467
    spike_15_mid_share           0.0908   0.1382  -0.0473  0.0208   -2.3  0.0033      275
    spike_18_share               0.1942   0.2093  -0.0150  0.0106   -1.4  0.0017    1,467
    spike_18_mid_share           0.0498   0.0684  -0.0186  0.0144   -1.3  0.0023      307
    spike_21_share               0.0942   0.1213  -0.0272  0.0085   -3.2  0.0013    1,467
    spike_21_mid_share           0.0299   0.0562  -0.0263  0.0173   -1.5  0.0027      178

  outs_adjust
    key                           model   actual      gap      se      z   floor        n
    corr_o12.5                   0.0340--  0.0000--        0  measured 2026-09-05
    corr_o14.5                   0.0510--  0.0000--        0  measured 2026-09-05
    corr_o15.5                   0.0430--  0.0000--        0  measured 2026-09-05
    corr_o16.5                   0.0290--  0.0000--        0  measured 2026-09-05
    corr_o17.5                   0.0220--  0.0000--        0  measured 2026-09-05
    corr_o18.5                  -0.0140--  0.0000--        0  measured 2026-09-05
    corr_o20.5                  -0.0100--  0.0000--        0  measured 2026-09-05

  fold 2025: 929 paired games, venue coverage 100.0%
  fold 2025: park RATED for 878/929 games (94.5%); the rest simulate NEUTRAL and are coverage misses, not home-park guesses
  fold 2025: 929 games scored (0 dropped: no pbp or no score)

  ── FOLD 2025 (cut 2025-07-01) ──────────────────────────────────

  ladder
    key                           model   actual      gap      se      z   floor        n
    F1                           0.9950   1.0797  -0.0847  0.0492   -1.7  0.0078      929
    F3                           2.9682   3.0108  -0.0425  0.0829   -0.5  0.0131      929
    F5                           5.0429   5.0710  -0.0282  0.1081   -0.3  0.0171      929
    F7                           7.0200   7.1808  -0.1608  0.1316   -1.2  0.0208      929

  inning
    key                           model   actual      gap      se      z   floor        n
    1                            0.9950   1.0797  -0.0847  0.0492   -1.7  0.0078      929
    2                            0.9245   0.8762  +0.0483  0.0436   +1.1  0.0069      929
    3                            1.0487   1.0549  -0.0062  0.0489   -0.1  0.0077      929
    4                            1.0467   1.0571  -0.0103  0.0454   -0.2  0.0072      929
    5                            1.0279   1.0032  +0.0247  0.0485   +0.5  0.0077      929
    6                            0.9913   1.0549  -0.0636  0.0483   -1.3  0.0076      929
    7                            0.9859   1.0549  -0.0690  0.0515   -1.3  0.0082      929
    8                            0.9925   0.9591  +0.0334  0.0486   +0.7  0.0077      929
    9+                           1.0183   0.9160  +0.1023  0.0519   +2.0  0.0082      929

  game
    key                           model   actual      gap      se      z   floor        n
    one_run_share                0.2890   0.2853  +0.0038  0.0150   +0.3  0.0024      929
    extras_share                 0.0997   0.0840  +0.0157  0.0093   +1.7  0.0015      929

  venue_full
    key                           model   actual      gap      se      z   floor        n
    wmean_abs_resid              0.3472   0.0000  +0.3472  0.0000--    1,858  sample-weighted mean |per-venue residual|
    3309                        -1.2616   0.0000  -1.2616  0.5155   -2.4  0.0815       56
    2602                         0.8181   0.0000  +0.8181  0.3801   +2.2  0.0601       62
    3289                        -0.7956   0.0000  -0.7956  0.5563   -1.4  0.0880       40
    2395                        -0.7527   0.0000  -0.7527  0.5004   -1.5  0.0791       56
    2889                         0.7363   0.0000  +0.7363  0.3929   +1.9  0.0621       60
    17                           0.6844   0.0000  +0.6844  0.3196   +2.1  0.0505       72
    2394                        -0.5305   0.0000  -0.5305  0.3963   -1.3  0.0627       68
    31                           0.4991   0.0000  +0.4991  0.4510   +1.1  0.0713       56
    19                          -0.4650   0.0000  -0.4650  0.4698   -1.0  0.0743       70
    22                           0.4311   0.0000  +0.4311  0.3155   +1.4  0.0499       74
    4705                        -0.4170   0.0000  -0.4170  0.5105   -0.8  0.0807       56
    4                           -0.3707   0.0000  -0.3707  0.3708   -1.0  0.0586       58
    32                          -0.3246   0.0000  -0.3246  0.3917   -0.8  0.0619       64
    5325                         0.3037   0.0000  +0.3037  0.3621   +0.8  0.0573       74
    2                            0.2888   0.0000  +0.2888  0.4910   +0.6  0.0776       56
    4169                         0.2680   0.0000  +0.2680  0.3942   +0.7  0.0623       64
    14                          -0.2468   0.0000  -0.2468  0.3733   -0.7  0.0590       70
    3                            0.1889   0.0000  +0.1889  0.3390   +0.6  0.0536       54
    7                            0.1849   0.0000  +0.1849  0.4455   +0.4  0.0704       58
    5                           -0.1635   0.0000  -0.1635  0.3251   -0.5  0.0514       76
    2680                         0.1522   0.0000  +0.1522  0.3416   +0.4  0.0540       58
    15                           0.1246   0.0000  +0.1246  0.3436   +0.4  0.0543       62
    2523                        -0.1187   0.0000  -0.1187  0.4409   -0.3  0.0697       52
    2681                        -0.1179   0.0000  -0.1179  0.4106   -0.3  0.0649       74
    1                            0.1157   0.0000  +0.1157  0.4209   +0.3  0.0665       62
    2392                         0.0931   0.0000  +0.0931  0.4422   +0.2  0.0699       54
    680                         -0.0826   0.0000  -0.0826  0.2950   -0.3  0.0466       82
    3312                        -0.0421   0.0000  -0.0421  0.4323   -0.1  0.0683       60
    2529                        -0.0380   0.0000  -0.0380  0.4416   -0.1  0.0698       48
    3313                        -0.0012   0.0000  -0.0012  0.3860   -0.0  0.0610       60

  venue_f5
    key                           model   actual      gap      se      z   floor        n
    wmean_abs_resid              0.2488   0.0000  +0.2488  0.0000--    1,858  sample-weighted mean |per-venue residual|
    3309                        -0.8616   0.0000  -0.8616  0.4020   -2.1  0.0636       56
    3289                        -0.8162   0.0000  -0.8162  0.4187   -1.9  0.0662       40
    2602                         0.7778   0.0000  +0.7778  0.2637   +3.0  0.0417       62
    2395                        -0.6214   0.0000  -0.6214  0.3825   -1.6  0.0605       56
    22                           0.4341   0.0000  +0.4341  0.2071   +2.1  0.0327       74
    19                          -0.4211   0.0000  -0.4211  0.3360   -1.3  0.0531       70
    2                            0.3482   0.0000  +0.3482  0.3158   +1.1  0.0499       56
    17                           0.3309   0.0000  +0.3309  0.2440   +1.4  0.0386       72
    2680                        -0.3220   0.0000  -0.3220  0.3065   -1.1  0.0485       58
    3313                         0.2933   0.0000  +0.2933  0.2748   +1.1  0.0434       60
    32                          -0.2871   0.0000  -0.2871  0.2645   -1.1  0.0418       64
    2529                        -0.2635   0.0000  -0.2635  0.3499   -0.8  0.0553       48
    5325                         0.2186   0.0000  +0.2186  0.2610   +0.8  0.0413       74
    3312                         0.2179   0.0000  +0.2179  0.2772   +0.8  0.0438       60
    2889                         0.1867   0.0000  +0.1867  0.3092   +0.6  0.0489       60
    2394                        -0.1746   0.0000  -0.1746  0.2680   -0.7  0.0424       68
    1                           -0.1552   0.0000  -0.1552  0.2850   -0.5  0.0451       62
    4705                        -0.1384   0.0000  -0.1384  0.3338   -0.4  0.0528       56
    2392                         0.1213   0.0000  +0.1213  0.2968   +0.4  0.0469       54
    4                           -0.1147   0.0000  -0.1147  0.3185   -0.4  0.0504       58
    3                            0.1125   0.0000  +0.1125  0.2520   +0.4  0.0398       54
    4169                         0.0973   0.0000  +0.0973  0.2779   +0.3  0.0439       64
    2681                         0.0956   0.0000  +0.0956  0.2901   +0.3  0.0459       74
    5                           -0.0947   0.0000  -0.0947  0.2346   -0.4  0.0371       76
    15                           0.0762   0.0000  +0.0762  0.3137   +0.2  0.0496       62
    31                           0.0509   0.0000  +0.0509  0.2802   +0.2  0.0443       56
    680                         -0.0354   0.0000  -0.0354  0.2636   -0.1  0.0417       82
    7                            0.0323   0.0000  +0.0323  0.3328   +0.1  0.0526       58
    2523                        -0.0197   0.0000  -0.0197  0.3395   -0.1  0.0537       52
    14                           0.0136   0.0000  +0.0136  0.3039   +0.0  0.0480       70

  traffic
    key                           model   actual      gap      se      z   floor        n
    runs_per_baserunner          0.3747   0.3783  -0.0036  0.0033   -1.1  0.0005   22,237
    shutout_share                0.0579   0.0581  -0.0002  0.0054   -0.0  0.0009    1,858
    mass_0_3                     0.4230   0.4354  -0.0124  0.0115   -1.1  0.0018    1,858
    mass_8_plus                  0.1592   0.1668  -0.0076  0.0086   -0.9  0.0014    1,858
    f5_shutout_share             0.2095   0.2024  +0.0072  0.0093   +0.8  0.0015    1,858

  platoon
    key                           model   actual      gap      se      z   floor        n
    k_per_pa_adv                 0.2131   0.2183  -0.0051  0.0026   -1.9  0.0004   24,454
    k_per_pa_nad                 0.2185   0.2272  -0.0087  0.0032   -2.7  0.0005   16,809
    hr_per_pa_adv                0.0350   0.0350  -0.0000  0.0012   -0.0  0.0002   24,454
    hr_per_pa_nad                0.0321   0.0316  +0.0005  0.0013   +0.4  0.0002   16,809
    model_side_coverage          0.8838--  0.0000--1,629,213  share of starter PAs with a known batter side
    stacked_decile_resid         4.5177   4.1369  +0.3808  0.2248   +1.7  0.0355      168
    all_clubs_resid_control      4.5012   4.4935  +0.0077  0.0785   +0.1  0.0124    1,684

  contact
    key                           model   actual      gap      se      z   floor        n
    dp_per_opportunity           0.2186   0.2174  +0.0012  0.0054   +0.2  0.0009    5,823
    sac_per_pa                   0.0105   0.0100  +0.0005  0.0004   +1.3  0.0001   70,155
    hr_per_bip                   0.0469   0.0474  -0.0005  0.0010   -0.5  0.0002   47,669
    xbh_share_nonhr_hits         0.2443   0.2488  -0.0046  0.0038   -1.2  0.0006   13,093
    dp_by_pitcher_gb_q1          0.1885   0.1801  +0.0084  0.0159   +0.5  0.0025      583
    dp_by_pitcher_gb_q2          0.1952   0.2139  -0.0186  0.0157   -1.2  0.0025      678
    dp_by_pitcher_gb_q3          0.2146   0.2233  -0.0087  0.0165   -0.5  0.0026      636
    dp_by_pitcher_gb_q4          0.2256   0.2185  +0.0071  0.0157   +0.5  0.0025      691
    dp_by_pitcher_gb_q5          0.2567   0.2513  +0.0054  0.0157   +0.3  0.0025      768
    xbh_by_batter_gb_q1          0.2528   0.2515  +0.0013  0.0078   +0.2  0.0012    3,074
    xbh_by_batter_gb_q2          0.2564   0.2542  +0.0022  0.0091   +0.2  0.0014    2,305
    xbh_by_batter_gb_q3          0.2478   0.2500  -0.0022  0.0095   -0.2  0.0015    2,096
    xbh_by_batter_gb_q4          0.2411   0.2469  -0.0058  0.0088   -0.7  0.0014    2,398
    xbh_by_batter_gb_q5          0.2247   0.2411  -0.0164  0.0080   -2.1  0.0013    2,895

  weather
    key                           model   actual      gap      se      z   floor        n
    temp_coverage                1.0000   1.0000  +0.0000  0.0000--      929  share of fold games with a temperature
    hr_bip_temp_lt55          ---  0.0000--        0  no games in this bin
    hr_bip_temp_55_64            0.0387   0.0333  +0.0054  0.0043   +1.3  0.0007    1,773
    hr_bip_temp_65_74            0.0439   0.0478  -0.0039  0.0017   -2.4  0.0003   16,556
    hr_bip_temp_75_84            0.0482   0.0469  +0.0014  0.0015   +0.9  0.0002   19,757
    hr_bip_temp_85plus           0.0507   0.0502  +0.0005  0.0022   +0.2  0.0004    9,583
    wind_coverage                0.8493--  0.0000--      929  open-air share of fold games with a wind
    hr_bip_wind_in5plus          0.0430   0.0462  -0.0032  0.0023   -1.4  0.0004    8,370
    hr_bip_wind_calm             0.0474   0.0461  +0.0013  0.0014   +0.9  0.0002   21,032
    hr_bip_wind_out5plus         0.0510   0.0531  -0.0021  0.0021   -1.0  0.0003   11,060

  late
    key                           model   actual      gap      se      z   floor        n
    inn7_9_margin_0              0.9478   1.0260  -0.0782  0.0591   -1.3  0.0094      346
    inn7_9_margin_1              0.9140   0.7636  +0.1504  0.0454   +3.3  0.0072      588
    inn7_9_margin_2              0.9065   0.9227  -0.0163  0.0510   -0.3  0.0081      466
    inn7_9_margin_3              0.8978   0.8494  +0.0484  0.0586   +0.8  0.0093      352
    inn7_9_margin_4+             0.8941   0.9459  -0.0518  0.0342   -1.5  0.0054    1,035

  hook_bnd
    key                           model   actual      gap      se      z   floor        n
    0                            0.0007   0.0044  -0.0037  0.0014   -2.7  0.0002    2,297
    25                           0.0035   0.0048  -0.0013  0.0015   -0.9  0.0002    2,088
    40                           0.0120   0.0098  +0.0023  0.0027   +0.8  0.0004    1,330
    50                           0.0323   0.0230  +0.0092  0.0041   +2.3  0.0006    1,345
    60                           0.0827   0.0600  +0.0227  0.0066   +3.4  0.0010    1,300
    70                           0.1738   0.1240  +0.0498  0.0104   +4.8  0.0016    1,000
    78                           0.2966   0.2436  +0.0530  0.0162   +3.3  0.0026      702
    85                           0.4198   0.4496  -0.0298  0.0233   -1.3  0.0037      456
    90                           0.7181   0.7313  -0.0132  0.0233   -0.6  0.0037      361
    95                           0.7952   0.9102  -0.1149  0.0179   -6.4  0.0028      256
    100                          0.8734   0.9532  -0.0798  0.0161   -4.9  0.0026      171
    mean_abs_gap                 0.0345   0.0000  +0.0345  0.0000--       11

  hook_mid
    key                           model   actual      gap      se      z   floor        n
    0                            0.0010   0.0011  -0.0001  0.0003   -0.2  0.0001   10,752
    25                           0.0037   0.0020  +0.0017  0.0006   +3.1  0.0001    6,449
    40                           0.0052   0.0044  +0.0008  0.0010   +0.8  0.0002    4,330
    50                           0.0073   0.0086  -0.0013  0.0014   -1.0  0.0002    4,301
    60                           0.0155   0.0166  -0.0011  0.0020   -0.6  0.0003    4,098
    70                           0.0319   0.0319  +0.0000  0.0032   +0.0  0.0005    3,045
    78                           0.0612   0.0645  -0.0033  0.0051   -0.7  0.0008    2,355
    85                           0.1057   0.1220  -0.0163  0.0091   -1.8  0.0014    1,287
    90                           0.1577   0.1815  -0.0238  0.0129   -1.8  0.0020      898
    95                           0.2357   0.2809  -0.0452  0.0207   -2.2  0.0033      470
    100                          0.3333   0.3889  -0.0556  0.0319   -1.7  0.0050      234
    mean_abs_gap                 0.0136   0.0000  +0.0136  0.0000--       11

  shape
    key                           model   actual      gap      se      z   floor        n
    outs_mean                   15.5021  15.7809  -0.2789  0.0914   -3.1  0.0144    1,858
    outs_sd                      4.2124   3.9392  +0.2732  0.0646   +4.2  0.0102    1,858
    k_mean                       4.6909   4.9284  -0.2375  0.0574   -4.1  0.0091    1,858
    k_sd                         2.4147   2.4728  -0.0581  0.0406   -1.4  0.0064    1,858
    k_9_plus_share               0.0672   0.0840  -0.0167  0.0064   -2.6  0.0010    1,858
    outs_over_12.5               0.7601   0.8105  -0.0504  0.0091   -5.5  0.0014    1,858
    outs_over_14.5               0.6724   0.7115  -0.0391  0.0105   -3.7  0.0017    1,858
    outs_over_15.5               0.4852   0.5172  -0.0320  0.0116   -2.8  0.0018    1,858
    outs_over_16.5               0.4433   0.4650  -0.0217  0.0116   -1.9  0.0018    1,858
    outs_over_17.5               0.3866   0.3999  -0.0133  0.0114   -1.2  0.0018    1,858
    outs_over_18.5               0.1879   0.1765  +0.0113  0.0088   +1.3  0.0014    1,858
    outs_over_20.5               0.1314   0.1233  +0.0082  0.0076   +1.1  0.0012    1,858
    boundary_share_by_decision   0.5925   0.5808  +0.0117  0.0120   +1.0  0.0019    1,684
    spike_9_share                0.0321   0.0333  -0.0012  0.0044   -0.3  0.0007    1,684
    spike_9_mid_share            0.1989   0.2321  -0.0332  0.0564   -0.6  0.0089       56
    spike_12_share               0.1004   0.0683  +0.0321  0.0061   +5.2  0.0010    1,684
    spike_12_mid_share           0.1300   0.2522  -0.1221  0.0405   -3.0  0.0064      115
    spike_15_share               0.1872   0.1966  -0.0093  0.0097   -1.0  0.0015    1,684
    spike_15_mid_share           0.0938   0.1299  -0.0361  0.0185   -2.0  0.0029      331
    spike_18_share               0.1988   0.2262  -0.0275  0.0102   -2.7  0.0016    1,684
    spike_18_mid_share           0.0529   0.0630  -0.0101  0.0124   -0.8  0.0020      381
    spike_21_share               0.0971   0.1010  -0.0038  0.0073   -0.5  0.0012    1,684
    spike_21_mid_share           0.0283   0.0353  -0.0070  0.0142   -0.5  0.0022      170

  outs_adjust
    key                           model   actual      gap      se      z   floor        n
    corr_o12.5                   0.0340--  0.0000--        0  measured 2026-09-05
    corr_o14.5                   0.0510--  0.0000--        0  measured 2026-09-05
    corr_o15.5                   0.0430--  0.0000--        0  measured 2026-09-05
    corr_o16.5                   0.0290--  0.0000--        0  measured 2026-09-05
    corr_o17.5                   0.0220--  0.0000--        0  measured 2026-09-05
    corr_o18.5                  -0.0140--  0.0000--        0  measured 2026-09-05
    corr_o20.5                  -0.0100--  0.0000--        0  measured 2026-09-05

  fold 2026: 661 paired games, venue coverage 97.4%
  fold 2026: park RATED for 624/661 games (94.4%); the rest simulate NEUTRAL and are coverage misses, not home-park guesses
  fold 2026: 661 games scored (0 dropped: no pbp or no score)

  ── FOLD 2026 (cut 2026-07-01) ──────────────────────────────────

  ladder
    key                           model   actual      gap      se      z   floor        n
    F1                           0.9886   1.0030  -0.0144  0.0539   -0.3  0.0085      661
    F3                           2.9726   2.9440  +0.0286  0.0984   +0.3  0.0156      661
    F5                           5.0467   4.9365  +0.1102  0.1315   +0.8  0.0208      661
    F7                           7.0430   6.8835  +0.1595  0.1497   +1.1  0.0237      661

  inning
    key                           model   actual      gap      se      z   floor        n
    1                            0.9886   1.0030  -0.0144  0.0539   -0.3  0.0085      661
    2                            0.9422   0.9289  +0.0133  0.0513   +0.3  0.0081      661
    3                            1.0418   1.0121  +0.0297  0.0574   +0.5  0.0091      661
    4                            1.0414   0.9153  +0.1261  0.0514   +2.5  0.0081      661
    5                            1.0327   1.0772  -0.0444  0.0582   -0.8  0.0092      661
    6                            1.0126   1.0151  -0.0026  0.0585   -0.0  0.0092      661
    7                            0.9837   0.9319  +0.0518  0.0547   +0.9  0.0086      661
    8                            0.9963   1.0439  -0.0475  0.0590   -0.8  0.0093      661
    9+                           1.0285   0.9501  +0.0784  0.0637   +1.2  0.0101      661

  game
    key                           model   actual      gap      se      z   floor        n
    one_run_share                0.2922   0.2784  +0.0139  0.0177   +0.8  0.0028      661
    extras_share                 0.0994   0.0968  +0.0025  0.0116   +0.2  0.0018      661

  venue_full
    key                           model   actual      gap      se      z   floor        n
    wmean_abs_resid              0.4085   0.0000  +0.4085  0.0000--    1,288  sample-weighted mean |per-venue residual|
    2                            1.4714   0.0000  +1.4714  0.3158   +4.7  0.0499       48
    3                           -1.0492   0.0000  -1.0492  0.6457   -1.6  0.1021       30
    17                          -1.0322   0.0000  -1.0322  0.6572   -1.6  0.1039       52
    2602                         0.7576   0.0000  +0.7576  0.4356   +1.7  0.0689       46
    14                           0.7125   0.0000  +0.7125  0.5550   +1.3  0.0878       34
    2529                        -0.6931   0.0000  -0.6931  0.4550   -1.5  0.0719       36
    15                           0.6699   0.0000  +0.6699  0.4205   +1.6  0.0665       44
    3313                         0.6435   0.0000  +0.6435  0.5454   +1.2  0.0862       42
    1                            0.5938   0.0000  +0.5938  0.3412   +1.7  0.0539       48
    2394                         0.5138   0.0000  +0.5138  0.5152   +1.0  0.0815       38
    2680                         0.5103   0.0000  +0.5103  0.4197   +1.2  0.0664       46
    5325                        -0.4773   0.0000  -0.4773  0.4254   -1.1  0.0673       54
    3312                         0.4704   0.0000  +0.4704  0.4638   +1.0  0.0733       38
    19                          -0.4327   0.0000  -0.4327  0.5522   -0.8  0.0873       42
    3309                        -0.3656   0.0000  -0.3656  0.5145   -0.7  0.0814       40
    3289                         0.3648   0.0000  +0.3648  0.4749   +0.8  0.0751       32
    680                          0.2223   0.0000  +0.2223  0.5475   +0.4  0.0866       46
    2889                        -0.1591   0.0000  -0.1591  0.4455   -0.4  0.0704       44
    7                            0.1488   0.0000  +0.1488  0.5990   +0.2  0.0947       40
    4                           -0.1403   0.0000  -0.1403  0.5006   -0.3  0.0791       44
    2392                         0.1382   0.0000  +0.1382  0.5868   +0.2  0.0928       36
    4705                         0.1271   0.0000  +0.1271  0.4246   +0.3  0.0671       48
    4169                         0.1250   0.0000  +0.1250  0.4356   +0.3  0.0689       50
    32                          -0.1176   0.0000  -0.1176  0.5326   -0.2  0.0842       44
    2681                        -0.0937   0.0000  -0.0937  0.4285   -0.2  0.0678       40
    12                          -0.0682   0.0000  -0.0682  0.4591   -0.1  0.0726       44
    31                          -0.0597   0.0000  -0.0597  0.5326   -0.1  0.0842       44
    2395                        -0.0592   0.0000  -0.0592  0.5294   -0.1  0.0837       38
    5                           -0.0440   0.0000  -0.0440  0.4763   -0.1  0.0753       50
    22                           0.0326   0.0000  +0.0326  0.3795   +0.1  0.0600       46

  venue_f5
    key                           model   actual      gap      se      z   floor        n
    wmean_abs_resid              0.3370   0.0000  +0.3370  0.0000--    1,288  sample-weighted mean |per-venue residual|
    2                            1.0917   0.0000  +1.0917  0.2055   +5.3  0.0325       48
    14                           1.0809   0.0000  +1.0809  0.3195   +3.4  0.0505       34
    3                           -0.8650   0.0000  -0.8650  0.4344   -2.0  0.0687       30
    3313                         0.7536   0.0000  +0.7536  0.3316   +2.3  0.0524       42
    15                           0.7347   0.0000  +0.7347  0.3502   +2.1  0.0554       44
    17                          -0.7135   0.0000  -0.7135  0.4769   -1.5  0.0754       52
    19                          -0.6810   0.0000  -0.6810  0.4062   -1.7  0.0642       42
    2602                         0.3924   0.0000  +0.3924  0.3628   +1.1  0.0574       46
    5325                        -0.3861   0.0000  -0.3861  0.3443   -1.1  0.0544       54
    32                          -0.3267   0.0000  -0.3267  0.2883   -1.1  0.0456       44
    2392                        -0.3111   0.0000  -0.3111  0.4818   -0.6  0.0762       36
    2681                         0.3069   0.0000  +0.3069  0.2994   +1.0  0.0473       40
    3289                         0.2844   0.0000  +0.2844  0.2767   +1.0  0.0437       32
    3312                         0.2632   0.0000  +0.2632  0.3742   +0.7  0.0592       38
    4705                         0.2542   0.0000  +0.2542  0.2602   +1.0  0.0411       48
    3309                        -0.2275   0.0000  -0.2275  0.4087   -0.6  0.0646       40
    680                          0.2185   0.0000  +0.2185  0.3126   +0.7  0.0494       46
    2529                         0.2049   0.0000  +0.2049  0.3985   +0.5  0.0630       36
    2395                        -0.1454   0.0000  -0.1454  0.3916   -0.4  0.0619       38
    7                            0.1425   0.0000  +0.1425  0.3454   +0.4  0.0546       40
    2394                         0.1408   0.0000  +0.1408  0.3267   +0.4  0.0517       38
    2680                         0.1408   0.0000  +0.1408  0.3098   +0.5  0.0490       46
    5                           -0.1320   0.0000  -0.1320  0.3279   -0.4  0.0518       50
    2889                        -0.1250   0.0000  -0.1250  0.3832   -0.3  0.0606       44
    1                            0.1068   0.0000  +0.1068  0.2934   +0.4  0.0464       48
    22                          -0.1060   0.0000  -0.1060  0.3336   -0.3  0.0527       46
    4                           -0.0909   0.0000  -0.0909  0.3960   -0.2  0.0626       44
    12                          -0.0295   0.0000  -0.0295  0.3184   -0.1  0.0503       44
    31                          -0.0148   0.0000  -0.0148  0.4204   -0.0  0.0665       44
    4169                         0.0110   0.0000  +0.0110  0.3182   +0.0  0.0503       50

  traffic
    key                           model   actual      gap      se      z   floor        n
    runs_per_baserunner          0.3731   0.3667  +0.0064  0.0038   +1.7  0.0006   16,001
    shutout_share                0.0574   0.0696  -0.0122  0.0070   -1.7  0.0011    1,322
    mass_0_3                     0.4194   0.4478  -0.0284  0.0137   -2.1  0.0022    1,322
    mass_8_plus                  0.1586   0.1551  +0.0036  0.0100   +0.4  0.0016    1,322
    f5_shutout_share             0.2103   0.2141  -0.0038  0.0113   -0.3  0.0018    1,322

  platoon
    key                           model   actual      gap      se      z   floor        n
    k_per_pa_adv                 0.2137   0.2127  +0.0009  0.0030   +0.3  0.0005   18,836
    k_per_pa_nad                 0.2211   0.2237  -0.0026  0.0041   -0.6  0.0006   10,559
    hr_per_pa_adv                0.0350   0.0336  +0.0014  0.0013   +1.1  0.0002   18,836
    hr_per_pa_nad                0.0313   0.0299  +0.0013  0.0017   +0.8  0.0003   10,559
    model_side_coverage          0.9776--  0.0000--1,156,736  share of starter PAs with a known batter side
    stacked_decile_resid         4.4750   4.1818  +0.2932  0.2619   +1.1  0.0414      132
    all_clubs_resid_control      4.5339   4.4387  +0.0952  0.0888   +1.1  0.0140    1,322

  contact
    key                           model   actual      gap      se      z   floor        n
    dp_per_opportunity           0.2167   0.2198  -0.0031  0.0063   -0.5  0.0010    4,291
    sac_per_pa                   0.0106   0.0114  -0.0008  0.0005   -1.7  0.0001   50,141
    hr_per_bip                   0.0469   0.0447  +0.0022  0.0011   +2.0  0.0002   34,038
    xbh_share_nonhr_hits         0.2469   0.2312  +0.0157  0.0044   +3.6  0.0007    9,321
    dp_by_pitcher_gb_q1          0.1866   0.1767  +0.0098  0.0184   +0.5  0.0029      430
    dp_by_pitcher_gb_q2          0.1959   0.2495  -0.0536  0.0192   -2.8  0.0030      509
    dp_by_pitcher_gb_q3          0.2103   0.2205  -0.0102  0.0182   -0.6  0.0029      517
    dp_by_pitcher_gb_q4          0.2317   0.2601  -0.0285  0.0193   -1.5  0.0030      519
    dp_by_pitcher_gb_q5          0.2520   0.2606  -0.0085  0.0188   -0.5  0.0030      545
    xbh_by_batter_gb_q1          0.2557   0.2541  +0.0017  0.0097   +0.2  0.0015    2,031
    xbh_by_batter_gb_q2          0.2581   0.2347  +0.0234  0.0104   +2.3  0.0016    1,662
    xbh_by_batter_gb_q3          0.2518   0.2450  +0.0067  0.0111   +0.6  0.0017    1,514
    xbh_by_batter_gb_q4          0.2442   0.2159  +0.0283  0.0101   +2.8  0.0016    1,672
    xbh_by_batter_gb_q5          0.2275   0.2093  +0.0182  0.0086   +2.1  0.0014    2,217

  weather
    key                           model   actual      gap      se      z   floor        n
    temp_coverage                0.9743   1.0000  -0.0257  0.0000--      661  share of fold games with a temperature
    hr_bip_temp_lt55          ---  0.0000--        0  no games in this bin
    hr_bip_temp_55_64            0.0367   0.0359  +0.0007  0.0079   +0.1  0.0012      557
    hr_bip_temp_65_74            0.0421   0.0426  -0.0005  0.0022   -0.2  0.0003    8,525
    hr_bip_temp_75_84            0.0479   0.0445  +0.0034  0.0017   +2.1  0.0003   15,378
    hr_bip_temp_85plus           0.0509   0.0473  +0.0036  0.0023   +1.6  0.0004    8,724
    wind_coverage                0.8230--  0.0000--      661  open-air share of fold games with a wind
    hr_bip_wind_in5plus          0.0439   0.0411  +0.0028  0.0030   +0.9  0.0005    4,378
    hr_bip_wind_calm             0.0478   0.0437  +0.0042  0.0017   +2.5  0.0003   14,717
    hr_bip_wind_out5plus         0.0502   0.0488  +0.0014  0.0023   +0.6  0.0004    8,852

  late
    key                           model   actual      gap      se      z   floor        n
    inn7_9_margin_0              0.9409   0.7861  +0.1548  0.0776   +2.0  0.0123      201
    inn7_9_margin_1              0.9250   0.8852  +0.0398  0.0538   +0.7  0.0085      418
    inn7_9_margin_2              0.9067   0.8259  +0.0808  0.0565   +1.4  0.0089      379
    inn7_9_margin_3              0.8910   0.7113  +0.1797  0.0600   +3.0  0.0095      336
    inn7_9_margin_4+             0.8943   1.0385  -0.1442  0.0432   -3.3  0.0068      649

  hook_bnd
    key                           model   actual      gap      se      z   floor        n
    0                            0.0007   0.0106  -0.0099  0.0026   -3.8  0.0004    1,512
    25                           0.0035   0.0085  -0.0050  0.0026   -2.0  0.0004    1,293
    40                           0.0120   0.0094  +0.0026  0.0033   +0.8  0.0005      849
    50                           0.0324   0.0119  +0.0205  0.0037   +5.5  0.0006      842
    60                           0.0808   0.0501  +0.0307  0.0074   +4.1  0.0012      858
    70                           0.1709   0.1087  +0.0622  0.0124   +5.0  0.0020      635
    78                           0.2907   0.2694  +0.0213  0.0200   +1.1  0.0032      490
    85                           0.4161   0.4371  -0.0209  0.0293   -0.7  0.0046      286
    90                           0.7121   0.7004  +0.0117  0.0291   +0.4  0.0046      247
    95                           0.7943   0.9112  -0.1170  0.0219   -5.3  0.0035      169
    mean_abs_gap                 0.0302   0.0000  +0.0302  0.0000--       10

  hook_mid
    key                           model   actual      gap      se      z   floor        n
    0                            0.0010   0.0009  +0.0001  0.0004   +0.4  0.0001    6,847
    25                           0.0038   0.0057  -0.0019  0.0012   -1.6  0.0002    4,216
    40                           0.0051   0.0029  +0.0022  0.0010   +2.2  0.0002    2,764
    50                           0.0069   0.0061  +0.0007  0.0015   +0.5  0.0002    2,769
    60                           0.0150   0.0147  +0.0003  0.0023   +0.1  0.0004    2,659
    70                           0.0313   0.0266  +0.0047  0.0036   +1.3  0.0006    2,027
    78                           0.0597   0.0513  +0.0084  0.0058   +1.5  0.0009    1,462
    85                           0.1031   0.1005  +0.0026  0.0102   +0.3  0.0016      876
    90                           0.1563   0.1984  -0.0421  0.0160   -2.6  0.0025      625
    95                           0.2339   0.2651  -0.0311  0.0242   -1.3  0.0038      332
    100                          0.3342   0.4437  -0.1095  0.0393   -2.8  0.0062      160
    mean_abs_gap                 0.0185   0.0000  +0.0185  0.0000--       11

  shape
    key                           model   actual      gap      se      z   floor        n
    outs_mean                   15.4401  15.7549  -0.3148  0.1117   -2.8  0.0177    1,322
    outs_sd                      4.2620   4.0624  +0.1996  0.0790   +2.5  0.0125    1,322
    k_mean                       4.7408   4.8177  -0.0769  0.0686   -1.1  0.0108    1,322
    k_sd                         2.4311   2.4931  -0.0620  0.0485   -1.3  0.0077    1,322
    k_9_plus_share               0.0713   0.0915  -0.0202  0.0079   -2.5  0.0013    1,322
    outs_over_12.5               0.7566   0.8048  -0.0483  0.0109   -4.4  0.0017    1,322
    outs_over_14.5               0.6672   0.7284  -0.0612  0.0122   -5.0  0.0019    1,322
    outs_over_15.5               0.4801   0.5325  -0.0524  0.0137   -3.8  0.0022    1,322
    outs_over_16.5               0.4384   0.4773  -0.0389  0.0137   -2.8  0.0022    1,322
    outs_over_17.5               0.3824   0.4107  -0.0283  0.0135   -2.1  0.0021    1,322
    outs_over_18.5               0.1865   0.1725  +0.0140  0.0104   +1.4  0.0016    1,322
    outs_over_20.5               0.1309   0.1203  +0.0106  0.0089   +1.2  0.0014    1,322
    boundary_share_by_decision   0.5930   0.5877  +0.0053  0.0135   +0.4  0.0021    1,322
    spike_9_share                0.0342   0.0310  +0.0032  0.0048   +0.7  0.0008    1,322
    spike_9_mid_share            0.1888   0.2927  -0.1038  0.0711   -1.5  0.0112       41
    spike_12_share               0.0987   0.0726  +0.0261  0.0071   +3.7  0.0011    1,322
    spike_12_mid_share           0.1404   0.1875  -0.0471  0.0398   -1.2  0.0063       96
    spike_15_share               0.1872   0.1959  -0.0088  0.0109   -0.8  0.0017    1,322
    spike_15_mid_share           0.0879   0.1390  -0.0511  0.0215   -2.4  0.0034      259
    spike_18_share               0.1959   0.2383  -0.0424  0.0117   -3.6  0.0019    1,322
    spike_18_mid_share           0.0501   0.0635  -0.0134  0.0137   -1.0  0.0022      315
    spike_21_share               0.0968   0.0915  +0.0053  0.0079   +0.7  0.0013    1,322
    spike_21_mid_share           0.0279   0.0413  -0.0134  0.0181   -0.7  0.0029      121

  outs_adjust
    key                           model   actual      gap      se      z   floor        n
    corr_o12.5                   0.0340--  0.0000--        0  measured 2026-09-05
    corr_o14.5                   0.0510--  0.0000--        0  measured 2026-09-05
    corr_o15.5                   0.0430--  0.0000--        0  measured 2026-09-05
    corr_o16.5                   0.0290--  0.0000--        0  measured 2026-09-05
    corr_o17.5                   0.0220--  0.0000--        0  measured 2026-09-05
    corr_o18.5                  -0.0140--  0.0000--        0  measured 2026-09-05
    corr_o20.5                  -0.0100--  0.0000--        0  measured 2026-09-05

  saved scratchpad/battery_f8f32d4d92f4.json

  DIFF against scratchpad/battery_55b73d1d3ed5.json
  FLAGS DIFFER between the two runs:
    game.USE_OPENER_EXIT: <absent> -> True
    game.USE_OPENER_POOL: <absent> -> True
    game.USE_PEN_ROLES: True -> False
    game.USE_RELIEF_INTENT: False -> True
    2023 shape/outs_mean                gap -0.3498 -> -0.6649  (se 0.0994)
    2023 shape/outs_sd                  gap -0.3116 -> +0.0122  (se 0.0703)
    2023 shape/k_mean                   gap -0.2506 -> -0.3442  (se 0.0573)
    2023 shape/outs_over_12.5           gap -0.0359 -> -0.0580  (se 0.0093)
    2023 shape/outs_over_14.5           gap -0.0597 -> -0.0787  (se 0.0101)
    2023 shape/outs_over_15.5           gap -0.0710 -> -0.0850  (se 0.0112)
    2023 shape/outs_over_16.5           gap -0.0626 -> -0.0749  (se 0.0112)
    2023 shape/outs_over_17.5           gap -0.0668 -> -0.0783  (se 0.0110)
    2024 shape/outs_mean                gap -0.2615 -> -0.4453  (se 0.0945)
    2024 shape/outs_sd                  gap -0.0084 -> +0.1961  (se 0.0668)
    2024 shape/outs_over_12.5           gap -0.0498 -> -0.0640  (se 0.0090)
    2024 shape/outs_over_14.5           gap -0.0435 -> -0.0561  (se 0.0103)
    2025 shape/outs_sd                  gap +0.1853 -> +0.2732  (se 0.0646)
    2026 shape/outs_sd                  gap +0.0645 -> +0.1996  (se 0.0790)
